0 1.5 2.1853333333333333 4.403018065928062 18.553 0.658 0 0
10 1.9 0.911105263157895 0.057292320360578575 18.553 0.658 2.1853333333333333 15
20 1.9 0.9654736842105264 0.12005058952092375 18.553 0.658 1.4732647058823531 34
30 2.4 1.090583333333333 0.6915466914018814 18.553 0.658 1.2912264150943398 53
40 1.8 1.0478333333333336 0.5344933478434403 18.553 0.658 1.2286883116883116 77
50 2.5 0.9909599999999998 0.4135721924888084 18.553 0.658 1.1944210526315788 95
60 2.7 1.7008148148148148 3.835568971622961 21.184 0.658 1.152033333333333 120
70 4.3 0.9805348837209305 0.41642422180278643 21.184 0.658 1.252829931972789 147
80 2.8 0.9594285714285712 0.1851071945370783 21.184 0.658 1.1912052631578947 190
90 3.6 0.975138888888889 0.22271520837879455 21.184 0.658 1.1614357798165136 218
100 2.1 0.9144285714285714 0.08574856457417004 21.184 0.658 1.135031496062992 254
110 2.5 1.1388399999999996 0.7508070154174107 21.184 0.658 1.1181854545454541 275
120 3 1.6092666666666666 3.695465662433116 21.494 0.658 1.1199066666666662 300
130 4.7 0.9322340425531916 0.49730778229429135 21.494 0.658 1.164393939393939 330
140 5 0.97988 0.3853864886059188 21.494 0.658 1.1354509283819625 377
150 4 0.9432000000000003 0.2772237543934503 21.494 0.658 1.1172341920374704 427
160 4.4 0.9755227272727275 0.28563927415188645 21.494 0.658 1.102327623126338 467
170 2.9 0.897310344827586 0.051575256997555045 21.494 0.658 1.0914090019569467 511
180 5.5 1.2250000000000008 2.7764373050891877 21.606 0.619 1.0809851851851848 540
190 4.8 1.0749374999999999 0.9347455403800633 21.606 0.619 1.0942974789915965 595
200 5.4 0.8804444444444441 0.09141331993603777 21.606 0.619 1.0928522550544322 643
210 5.1 0.8944117647058826 0.0878254008704901 21.606 0.619 1.076395982783357 697
220 4.7 0.8788936170212766 0.09341243118388 21.606 0.619 1.0639879679144382 748
230 4.5 0.8997777777777778 0.08383234297331227 21.606 0.619 1.0530452830188675 795
234 0 0 0 21.606 0.619 1.0448345238095234 840
