0 0.1 0.3460070094222648 0 0.3460070094222648 0.3460070094222648 0 0
10 0.1 0.8512769153730596 0.0 0.8512769153730596 0.3460070094222648 0.3460070094222648 1
20 0.1 0.5005005005005005 0.0 0.8512769153730596 0.3460070094222648 0.5986419623976622 2
30 0.1 0.35035035035035034 0.0 0.8512769153730596 0.3460070094222648 0.565928141765275 3
40 0.1 0.45090180360721444 0.0 0.8512769153730596 0.3460070094222648 0.5120336939115437 4
50 0.1 0.5002501250625313 0.0 0.8512769153730596 0.3460070094222648 0.4998073158506779 5
60 0.1 0.4511278195488722 0.0 0.8512769153730596 0.3460070094222648 0.4998811173859868 6
70 0.1 1.3006503251625814 0.0 1.3006503251625814 0.3460070094222648 0.4929163605521133 7
80 0.1 0.7522567703109327 0.0 1.3006503251625814 0.3460070094222648 0.5938831061284218 8
90 0.1 0.8012018027040559 0.0 1.3006503251625814 0.3460070094222648 0.6114801799264785 9
100 0.1 0.9523809523809524 0.0 1.3006503251625814 0.3460070094222648 0.6304523422042363 10
110 0.1 0.6513026052104208 0.0 1.3006503251625814 0.3460070094222648 0.6597185794930287 11
120 0.1 0.4506760140210316 0.0 1.3006503251625814 0.3460070094222648 0.6590172483028114 12
130 0.1 1.255650426921145 0.0 1.3006503251625814 0.3460070094222648 0.6429909995119053 13
140 0.1 1.55700652938222 0.0 1.55700652938222 0.3460070094222648 0.6867523871839938 14
150 0.1 1.1049723756906076 0.0 1.55700652938222 0.3460070094222648 0.7447693299972088 15
160 0.1 0.8529854490717512 0.0 1.55700652938222 0.3460070094222648 0.7672820203530463 16
170 0.1 1.053159478435306 0.0 1.55700652938222 0.3460070094222648 0.77232339851297 17
180 0.1 0.4518072289156626 0.0 1.55700652938222 0.3460070094222648 0.7879254029530999 18
190 0.1 1.560140915953699 0.0 1.560140915953699 0.3460070094222648 0.7702349727406032 19
200 0.1 1.4661274014155714 0.0 1.560140915953699 0.3460070094222648 0.8097302699012578 20
210 0.1 1.2588116817724069 0.0 1.560140915953699 0.3460070094222648 0.8409872761638443 21
220 0.1 0.7560483870967742 0.0 1.560140915953699 0.3460070094222648 0.8599792946005972 22
230 0.1 1.558572146807441 0.0 1.560140915953699 0.3460070094222648 0.8554605594917354 23
234 0.1 0.8564231738035265 0.0 1.560140915953699 0.3460070094222648 0.8847568756298898 24
