0 0.1 7344.7265625 0 7344.7265625 7344.7265625 0 0
10 0.1 7341.35546875 0.0 7344.7265625 7341.35546875 7344.7265625 1
20 0.1 7341.09765625 0.0 7344.7265625 7341.09765625 7343.041015625 2
30 0.1 7340.734375 0.0 7344.7265625 7340.734375 7342.393229166667 3
40 0.1 7340.4609375 0.0 7344.7265625 7340.4609375 7341.978515625 4
50 0.1 7340.72265625 0.0 7344.7265625 7340.4609375 7341.675 5
60 0.1 7340.71484375 0.0 7344.7265625 7340.4609375 7341.516276041667 6
70 0.1 7340.828125 0.0 7344.7265625 7340.4609375 7341.401785714285 7
80 0.1 7340.70703125 0.0 7344.7265625 7340.4609375 7341.330078125 8
90 0.1 7338.26171875 0.0 7344.7265625 7338.26171875 7341.260850694444 9
100 0.1 7339.1640625 0.0 7344.7265625 7338.26171875 7340.9609375 10
110 0.1 7339.75390625 0.0 7344.7265625 7338.26171875 7340.797585227273 11
120 0.1 7340.85546875 0.0 7344.7265625 7338.26171875 7340.710611979167 12
130 0.1 7339.28125 0.0 7344.7265625 7338.26171875 7340.721754807692 13
140 0.1 7338.31640625 0.0 7344.7265625 7338.26171875 7340.618861607143 14
150 0.1 7338.671875 0.0 7344.7265625 7338.26171875 7340.465364583333 15
160 0.1 7337.6328125 0.0 7344.7265625 7337.6328125 7340.353271484375 16
170 0.1 7340.01171875 0.0 7344.7265625 7337.6328125 7340.193244485294 17
180 0.1 7339.41015625 0.0 7344.7265625 7337.6328125 7340.183159722223 18
190 0.1 7335.65625 0.0 7344.7265625 7335.65625 7340.1424753289475 19
200 0.1 7333.8203125 0.0 7344.7265625 7333.8203125 7339.9181640625 20
210 0.1 7332.3984375 0.0 7344.7265625 7332.3984375 7339.627790178572 21
220 0.1 7332.39453125 0.0 7344.7265625 7332.39453125 7339.299183238636 22
230 0.1 7332.21875 0.0 7344.7265625 7332.21875 7338.998980978261 23
234 0.1 7326.24609375 0.0 7344.7265625 7326.24609375 7338.716471354167 24
