0 3 143.90773333333337 111.57928454240756 430.778 26.819 0 0
10 3.8 172.3137105263158 171.0733838384643 722.032 25.0 143.90773333333337 30
20 3.8 95.3428947368421 55.56125560410517 722.032 25.0 159.78166176470592 68
30 4.8 117.03750000000001 93.19803619309796 722.032 23.236 136.6809716981132 106
40 3.4 102.68497058823529 78.47135172768292 722.032 23.176 130.55833116883116 154
50 5.2 96.94603846153849 70.37415761894023 722.032 23.176 125.51740425531915 188
60 5.4 107.35905555555556 78.85904934553864 722.032 23.176 119.32694166666667 240
70 8.5 101.0215882352941 73.5152871590495 722.032 23.176 117.12875850340137 294
80 5.5 135.75418181818185 119.15584912467153 722.032 23.176 113.51633245382587 379
90 6.8 161.06170588235298 152.2975090357742 722.032 23.176 116.33449308755762 434
100 4.6 132.03665217391298 108.31084136615428 722.032 23.176 122.39315936254982 502
110 5.2 190.1911538461538 193.67298065001464 794.615 23.176 123.20264963503652 548
120 5.6 163.67514285714284 160.10901934378836 794.615 23.176 129.00832000000003 600
130 9.2 224.9111413043478 236.58158110141926 889.783 23.176 131.9676829268293 656
140 10 212.93081000000012 198.27916914339212 889.783 23.176 143.39923128342247 748
150 8.6 224.2011744186046 247.7280827105055 1093.777 23.176 151.59870990566037 848
160 8.8 258.70882954545453 280.20473693826347 1093.777 23.176 158.28373340471092 934
170 5.8 173.71365517241378 160.58130930064272 1093.777 23.176 166.93090410958902 1022
180 5.6 647.6091071428569 815.4749986830786 3130.799 23.176 167.29516296296293 1080
190 12.3 2229.369544715447 2048.3990924921245 5449.046 23.176 190.9726109154929 1136
200 9.2 1671.7943152173912 1608.7916343219874 5449.046 23.176 390.1170293884034 1259
210 10.6 2238.3028867924522 2065.574444352984 5449.046 23.176 477.39631162102137 1351
220 8.9 2411.1373483146094 2176.7523710043133 5738.18 23.176 605.5061928620452 1457
230 6.1 3905.4665573770494 2681.899279229062 8735.678 23.176 709.4526177231565 1546
234 7.3 3146.112219178082 3187.257092645268 8735.678 23.176 830.7698861232109 1607
