0 6 71.85901666666663 72.40252312949038 334.458 12.493 0 0
10 7.6 86.08303947368422 111.81639766028115 625.273 11.38 71.85901666666663 60
20 7.6 47.60181578947368 42.80822830143957 625.273 10.728 79.80773529411763 136
30 9.6 58.448583333333346 66.24318924372946 625.273 10.668 68.26221698113207 212
40 6.8 51.273441176470605 58.73515725931065 625.273 10.6 65.20342207792207 308
50 10.4 48.407355769230776 51.19906109075977 625.273 10.6 62.684170212765956 376
60 10.8 53.611944444444454 59.19654836406541 625.273 10.6 59.59086041666667 480
70 17.1 50.231649122807035 57.70851572219947 625.273 10.512 58.49269217687075 588
80 10.9 68.31137614678897 90.1573100763214 625.273 10.512 56.63150856389987 759
90 13.8 79.63960869565217 112.75591366550373 625.273 10.512 58.09822004608294 868
100 9 66.90054444444448 86.05079054309998 625.273 10.512 61.053201789264406 1006
110 10.4 95.03126923076924 141.02046821228512 648.978 10.512 61.53336678832116 1096
120 11.2 81.76683928571433 119.66098874935882 648.978 10.512 64.43651833333332 1200
130 18.4 112.38926086956523 175.9588222936085 809.395 10.512 65.91593597560974 1312
140 20.1 107.09440298507462 150.75625889782302 809.395 10.512 71.63190641711229 1496
150 17.1 111.25629239766079 186.82094825143045 1037.863 10.512 75.83223747790217 1697
160 17.6 129.2916022727273 212.21582827398208 1037.863 10.512 79.07501766595287 1868
170 11.6 86.79468965517243 123.86802913233026 1037.863 10.512 83.39895058708414 2044
180 11.9 507.2594369747899 924.0708640890934 3850.187 10.512 83.58131435185184 2160
190 24.1 1060.4407717842328 1634.1282147743598 5132.234 10.512 105.70404212373847 2279
200 18.5 850.9444972972979 1302.365548623743 5132.234 10.512 197.0102134920635 2520
210 21 1086.8386095238109 1654.846564923735 5132.234 10.512 241.73400000000007 2705
220 17.8 1205.5946067415732 1781.3947881883857 5479.353 10.512 302.61632178387663 2915
230 13.1 2153.097038167939 2244.033603952029 7162.346 10.512 354.58209440672493 3093
234 13.6 1365.4669485294112 2348.9430827479496 7617.397 10.512 427.66071029776685 3224
