0 1.5 290.23493333333334 138.19056677138116 546.259 134.691 0 0
10 1.9 346.8461052631579 191.486848820348 793.259 134.691 290.23493333333334 15
20 1.9 192.8906315789474 34.57193168363537 793.259 134.691 321.8705882352941 34
30 2.4 236.2770416666667 73.14779093467733 793.259 134.691 275.63249056603775 53
40 1.9 206.6805789473684 49.587372584386 793.259 134.691 263.3658571428572 77
50 2.4 195.82129166666667 52.96008550351793 793.259 134.691 252.14689583333336 96
60 2.7 216.92792592592593 52.99635828154255 793.259 134.691 240.881775 120
70 4.3 202.48046511627908 37.911225015234734 793.259 134.691 236.48208843537415 147
80 2.8 275.2692142857143 90.43758011719508 793.259 134.691 228.78698421052633 190
90 3.6 321.00049999999993 133.14173891206235 793.259 134.691 234.7571788990826 218
100 2.1 267.87485714285714 64.8753741835512 793.259 134.691 246.98064173228346 254
110 2.5 388.4106799999999 187.30335595535283 865.696 134.691 248.5762 275
120 3 326.86779999999993 140.88365061955673 865.696 134.691 260.2290733333333 300
130 4.4 459.4778181818181 222.66198879766296 953.695 134.691 266.28713939393936 330
140 5.2 426.5518653846154 140.35296400312552 953.695 134.691 289.01545454545453 374
150 4.1 453.6002195121951 249.50928898789422 1164.467 134.691 305.8039366197183 426
160 4.4 519.621204545454 259.5366547095892 1164.467 134.691 318.7796274089935 467
170 2.9 349.6212068965517 122.93528147387406 1164.467 134.691 336.07322700587076 511
180 2.8 1297.4962500000001 908.7013558485785 3332.091 134.691 336.8008037037036 540
190 6.1 4451.200098360653 561.8479315628316 5835.068 134.691 384.1590299295774 568
200 4.6 3296.4160217391295 813.0017173661871 5835.068 134.691 778.5779570747214 629
210 5.3 4490.669207547167 516.4928442022095 5835.068 134.691 950.1639585185183 675
220 4.5 4776.974577777779 476.7032259239373 5964.693 134.691 1207.9205219780215 728
230 2.5 6440.386519999997 1631.104063656618 9030.449 134.691 1415.6921034928846 773
234 4.2 7410.470952380954 1297.9432105663514 9854.482 134.691 1573.107342105263 798
