0 1120.52421875 1120.52421875
10 1491.340625 2611.86484375
20 1579.2671875 4191.13203125
30 2114.99921875 6306.13125
40 1580.74609375 7886.87734375
50 2548.7109375 10435.58828125
60 2812.88203125 13248.4703125
70 4829.71015625 18078.18046875
80 3253.1 21331.28046875
90 4466.97265625 25798.253125
100 2959.61953125 28757.87265625
110 3636.2796875 32394.15234375
120 4095.80078125 36489.953125
130 7119.684375 43609.6375
140 8462.9546875 52072.5921875
150 7448.6046875 59521.196875
160 8234.028125 67755.225
170 5681.22890625 73436.45390625
180 7001.2125 80437.66640625
190 11974.24765625 92411.9140625
200 10259.1484375 102671.0625
210 11892.4328125 114563.4953125
220 10989.3390625 125552.834375
230 10330.42265625 135883.25703125
234 6548.4328125 142431.68984375
