0 24.05546875 24.05546875
10 30.37890625 54.434375
20 30.44140625 84.87578125
30 38.4953125 123.37109375
40 27.35546875 150.7265625
50 41.5765625 192.303125
60 43.29921875 235.60234375
70 68.93828125 304.540625
80 43.31640625 347.85703125
90 56.31015625 404.1671875
100 35.246875 439.4140625
110 41.603125 481.0171875
120 45.08125 526.0984375
130 73.8078125 599.90625
140 80.71015625 680.61640625
150 68.3453125 748.96171875
160 70.5671875 819.52890625
170 46.56171875 866.090625
180 49.47421875 915.56484375
190 96.0265625 1011.59140625
200 74.83203125 1086.4234375
210 83.98984375 1170.41328125
220 71.7515625 1242.16484375
230 56.021875 1298.18671875
234 48.7234375 1346.91015625
