0 1.8 1.1423888888888891 0.7468511780125713 4.198 0.826 0 0
10 1.5 2.1505333333333336 2.7101090474165224 10.509 0.726 1.1423888888888891 18
20 2.4 1.0745833333333332 0.6184514880373039 10.509 0.726 1.6006363636363639 33
30 1.7 0.9591176470588235 0.11751489635383207 10.509 0.726 1.379140350877193 57
40 3.5 1.0080857142857143 0.3307096587149322 10.509 0.726 1.2826486486486486 74
50 1.1 1.0207272727272727 0.28911843779735 10.509 0.679 1.1944862385321102 109
60 2.6 1.0923846153846148 0.5785277785314586 10.509 0.679 1.1785583333333336 120
70 4.5 1.121688888888889 1.6041085973520515 11.75 0.679 1.1632123287671234 146
80 2.6 0.9898846153846154 0.3561463967488086 11.75 0.679 1.1534293193717278 191
90 3.1 1.0385483870967742 0.46282943550336814 11.75 0.679 1.1338341013824884 217
100 2.3 0.8947391304347826 0.11193756698978088 11.75 0.679 1.121923387096774 248
110 2.6 0.9193076923076924 0.06147780664645714 11.75 0.679 1.1026420664206642 271
120 3.6 0.9493055555555556 0.2693382651615751 11.75 0.677 1.0865925925925926 297
130 3.9 1.1048717948717948 1.1825376706633088 11.75 0.677 1.0717507507507507 333
140 3.9 0.9835641025641028 0.48294384633347814 11.75 0.677 1.0752231182795697 372
150 4.1 0.8876097560975609 0.10156167849619709 11.75 0.677 1.0665255474452555 411
160 3.5 0.9167142857142857 0.15776720126793897 11.75 0.677 1.0502964601769913 452
170 3.7 0.8658378378378381 0.09343056780695734 11.75 0.61 1.0406960985626286 487
180 6.2 0.9922096774193555 0.7011491290707492 11.75 0.61 1.0283492366412217 524
190 4.8 1.090458333333333 0.8637688241637471 11.75 0.61 1.024525597269625 586
200 5 0.8939600000000002 0.11350171100031933 11.75 0.61 1.029517350157729 634
210 5 1.01208 0.4125297002641143 11.75 0.61 1.019608187134503 684
220 4.3 0.9476046511627907 0.18758193738785361 11.75 0.61 1.0190953678474117 734
230 5.2 1.040596153846154 1.0890192175251332 11.75 0.61 1.0151389961389963 777
235 0 0 0 11.75 0.61 1.0167358262967432 829
