0 0.1 0.32943886988823173 0 0.32943886988823173 0.32943886988823173 0 0
10 0.1 0.9481037924151697 0.0 0.9481037924151697 0.32943886988823173 0.32943886988823173 1
20 0.1 0.6487025948103792 0.0 0.9481037924151697 0.32943886988823173 0.6387713311517007 2
30 0.1 0.897308075772682 0.0 0.9481037924151697 0.32943886988823173 0.6420817523712602 3
40 0.1 0.6986027944111777 0.0 0.9481037924151697 0.32943886988823173 0.7058883332216157 4
50 0.1 1.3439522150323544 0.0 1.3439522150323544 0.32943886988823173 0.7044312254595282 5
60 0.1 0.3996003996003996 0.0 1.3439522150323544 0.32943886988823173 0.8110180570549992 6
70 0.1 1.097804391217565 0.0 1.3439522150323544 0.32943886988823173 0.7522441059900563 7
80 0.1 1.299350324837581 0.0 1.3439522150323544 0.32943886988823173 0.7954391416434949 8
90 0.1 0.7996001999000499 0.0 1.3439522150323544 0.32943886988823173 0.8514292731095046 9
100 0.1 1.3965087281795512 0.0 1.3965087281795512 0.32943886988823173 0.846246365788559 10
110 0.1 1.045816733067729 0.0 1.3965087281795512 0.32943886988823173 0.896270216915013 11
120 0.1 0.8 0.0 1.3965087281795512 0.32943886988823173 0.908732426594406 12
130 0.1 1.844466600199402 0.0 1.844466600199402 0.32943886988823173 0.9003683937794518 13
140 0.1 1.6991504247876061 0.0 1.844466600199402 0.32943886988823173 0.9678039799523053 14
150 0.1 2.3928215353938187 0.0 2.3928215353938187 0.32943886988823173 1.0165604096079919 15
160 0.1 2.29426433915212 0.0 2.3928215353938187 0.32943886988823173 1.102576729969606 16
170 0.1 2.1934197407776668 0.0 2.3928215353938187 0.32943886988823173 1.1726760010979893 17
180 0.1 2.3464802795806294 0.0 2.3928215353938187 0.32943886988823173 1.2293839866357492 18
190 0.1 2.0989505247376314 0.0 2.3928215353938187 0.32943886988823173 1.2881785283696903 19
200 0.1 2.3046092184368736 0.0 2.3928215353938187 0.32943886988823173 1.3287171281880874 20
210 0.1 2.6865671641791042 0.0 2.6865671641791042 0.32943886988823173 1.3751881801046961 21
220 0.1 2.3928215353938187 0.0 2.6865671641791042 0.32943886988823173 1.4347963157444419 22
230 0.1 2.2977022977022976 0.0 2.6865671641791042 0.32943886988823173 1.4764495861639801 23
235 0.1 2.3940149625935163 0.0 2.6865671641791042 0.32943886988823173 1.5106684491447435 24
