0 0.1 7344.640625 0 7344.640625 7344.640625 0 0
10 0.1 7344.359375 0.0 7344.640625 7344.359375 7344.640625 1
20 0.1 7342.54296875 0.0 7344.640625 7342.54296875 7344.5 2
30 0.1 7342.90625 0.0 7344.640625 7342.54296875 7343.84765625 3
40 0.1 7342.54296875 0.0 7344.640625 7342.54296875 7343.6123046875 4
50 0.1 7341.28515625 0.0 7344.640625 7341.28515625 7343.3984375 5
60 0.1 7341.3515625 0.0 7344.640625 7341.28515625 7343.046223958333 6
70 0.1 7340.3984375 0.0 7344.640625 7340.3984375 7342.804129464285 7
80 0.1 7338.59375 0.0 7344.640625 7338.59375 7342.50341796875 8
90 0.1 7337.30078125 0.0 7344.640625 7337.30078125 7342.069010416667 9
100 0.1 7337.76953125 0.0 7344.640625 7337.30078125 7341.5921875 10
110 0.1 7337.77734375 0.0 7344.640625 7337.30078125 7341.244673295455 11
120 0.1 7342.62890625 0.0 7344.640625 7337.30078125 7340.955729166667 12
130 0.1 7338.97265625 0.0 7344.640625 7337.30078125 7341.084435096154 13
140 0.1 7334.515625 0.0 7344.640625 7334.515625 7340.93359375 14
150 0.1 7335.63671875 0.0 7344.640625 7334.515625 7340.505729166666 15
160 0.1 7333.9296875 0.0 7344.640625 7333.9296875 7340.201416015625 16
170 0.1 7334.5234375 0.0 7344.640625 7333.9296875 7339.832490808823 17
180 0.1 7332.4609375 0.0 7344.640625 7332.4609375 7339.537543402777 18
190 0.1 7317.56640625 0.0 7344.640625 7317.56640625 7339.165090460527 19
200 0.1 7322.79296875 0.0 7344.640625 7317.56640625 7338.08515625 20
210 0.1 7320.3671875 0.0 7344.640625 7317.56640625 7337.3569568452385 21
220 0.1 7315.9609375 0.0 7344.640625 7315.9609375 7336.584694602273 22
230 0.1 7318.046875 0.0 7344.640625 7315.9609375 7335.68800951087 23
235 0.1 7313.9296875 0.0 7344.640625 7313.9296875 7334.952962239583 24
