0 3.6 98.31169444444444 74.83483334087566 275.328 24.163 0 0
10 3 88.66753333333334 62.31794408982233 275.328 24.163 98.31169444444444 36
20 4.6 110.70847826086953 81.23308263443538 331.106 23.584 93.92798484848485 66
30 3.6 81.14202777777778 52.92371358090505 331.106 23.462 100.81997321428571 112
40 6.8 99.00394117647066 72.21586126470017 331.106 23.462 96.03344594594596 148
50 2.4 91.77554166666668 73.25682875107911 331.106 23.103 96.96860185185187 216
60 5.2 97.48057692307694 67.50419168447877 331.106 23.103 96.44929583333335 240
70 9 228.7587222222222 226.07918524343177 911.745 23.103 96.63294863013701 292
80 4.6 109.07526086956521 85.68916316482775 911.745 23.103 127.76205759162303 382
90 6.6 162.52904545454547 136.03697132480278 911.745 23.103 125.75366355140187 428
100 4.6 154.96480434782615 130.6921547343753 911.745 23.103 130.66697368421052 494
110 5.2 127.403076923077 99.36351369705507 911.745 23.103 132.73678888888887 540
120 7.2 152.81097222222218 135.03494026845343 911.745 23.103 132.26828716216215 592
130 8 203.27190000000002 160.9993266418838 911.745 23.103 134.49580722891565 664
140 7.4 285.8989324324323 243.31380370187344 1124.782 23.103 141.89108602150537 744
150 8.6 274.8391744186046 234.23247892445974 1124.782 23.103 154.91869070904644 818
160 6.4 192.17865625 162.50914979030978 1124.782 23.103 166.3270553097345 904
170 6.8 297.03574999999995 301.6346803543191 1187.808 23.103 168.0362520661157 968
180 9.4 1551.5413510638296 932.1135620232178 2856.62 23.103 176.50340057915056 1036
190 11.8 1853.5836016949143 532.1845086376212 3123.872 23.103 290.8870884955752 1130
200 9.1 690.8475274725273 420.05256748954287 3123.872 23.103 438.64204727564095 1248
210 9 2801.5735555555566 432.90840267587816 3612.506 23.103 455.7822255414488 1339
220 10.2 1463.4187058823527 871.6874699810884 3612.506 23.103 603.5227571728482 1429
230 9.2 1948.6717934782605 691.9789800531538 3612.506 23.103 660.8117099934683 1531
235 3.5 1742.0426571428575 1059.4191607155562 3612.506 23.103 733.8142532347505 1623
