0 7.2 49.06408333333335 52.682348041970165 246.567 11.117 0 0
10 6 44.26653333333331 46.32365664124061 246.567 11.117 49.06408333333335 72
20 9.2 55.279858695652194 60.16545520688572 271.272 10.877 46.88337878787878 132
30 7.2 40.502861111111116 41.16964911642555 271.272 10.813 50.3319330357143 224
40 13.6 49.432095588235306 53.325814634973085 271.272 10.693 47.941077702702714 296
50 4.8 45.826562499999994 57.15360482029482 275.23 10.548 48.41047222222223 432
60 10.4 48.677259615384614 54.48606687193513 275.23 10.26 48.15208125000001 480
70 18 114.31040555555553 137.50322703355394 635.653 10.26 48.24560616438357 584
80 9.2 54.47159782608694 65.89431764824177 635.653 10.26 63.810611256544504 764
90 13.2 81.20177272727271 96.26277559640646 635.653 10.26 62.806885514018695 856
100 9.2 77.41484782608693 91.24178304122545 635.653 10.26 65.2645020242915 988
110 10.4 63.63466346153848 79.18020126021337 635.653 10.26 66.29953148148148 1080
120 14.4 76.33710416666666 100.99754186301315 635.653 10.26 66.0654552364865 1184
130 16 101.56861875000004 113.99773747737672 635.653 10.26 67.17924849397592 1328
140 14.8 142.8762905405406 151.9648139963191 706.023 10.26 70.8770302419355 1488
150 17.2 137.34616860465118 156.04150212620667 706.023 10.26 77.39041075794623 1636
160 12.9 97.6975736434108 118.79714656347781 706.023 10.26 83.0941664823009 1808
170 13.8 157.44068840579695 202.96838688177138 890.068 10.26 84.0667217346412 1937
180 19.7 797.1030812182739 486.0420135622727 1750.556 10.26 88.94653253012048 2075
190 23.2 910.7327112068967 347.22991397550726 2171.659 10.26 150.34919102112676 2272
200 17.9 343.20687150838 261.0734881220682 2171.659 10.26 220.80006030351439 2504
210 18.8 1408.8712765957437 284.51989626100027 2374.066 10.26 228.96659746552368 2683
220 19.8 710.0086313131314 478.77430582157376 2374.066 10.26 306.2295997910135 2871
230 18.6 983.3668655913976 417.48954773536263 2374.066 10.26 332.2798598892147 3069
235 6.1 803.994360655738 694.2969501671303 2374.066 10.26 369.48483164362517 3255
