0 1.8 198.9970555555555 85.02495725992733 470.184 126.062 0 0
10 1.5 179.50966666666667 46.19068506624349 470.184 126.062 198.9970555555555 18
20 2.5 218.44684 89.77104274750516 526.268 126.062 190.13915151515147 33
30 1.7 164.05400000000003 20.284395094578027 526.268 126.062 202.34074137931032 58
40 3.4 200.43800000000002 65.64658283432223 526.268 126.062 193.66241333333335 75
50 1.1 188.47945454545453 49.24329162685953 526.268 126.062 195.7758990825688 109
60 2.6 197.14488461538457 34.84031197238106 526.268 126.062 195.10705833333336 120
70 4.6 453.3693695652175 349.25882256158195 1245.619 126.062 195.4699589041096 146
80 2.3 224.10408695652174 54.94591536024354 1245.619 126.062 257.25835937500005 192
90 3.2 329.55753125 157.70921016838722 1245.619 126.062 253.711623255814 215
100 2.4 309.61258333333336 173.19129456974173 1245.619 126.062 263.53781376518225 247
110 2.6 254.7388076923077 73.53575828440893 1245.619 126.062 267.61823616236165 271
120 3.6 308.18897222222216 143.16186075703226 1245.619 126.062 266.49074410774415 297
130 3.9 413.98776923076935 233.20503118560728 1245.619 126.062 270.99866066066073 333
140 3.7 574.0532432432435 373.98238107446986 1381.485 126.062 285.98945430107534 372
150 4.3 551.8964651162792 292.8129047665594 1381.485 126.062 312.04901466992675 409
160 3.3 387.0083636363636 165.91017356367385 1381.485 126.062 334.8663606194691 452
170 3.2 579.95290625 397.63255027941307 1407.723 126.062 338.41416701030937 485
180 4.3 2939.3112093023256 1800.2618981702524 4805.521 126.062 353.36434042553196 517
190 6.1 3751.2865081967216 708.9568883054125 5204.524 126.062 551.928117857143 560
200 4.6 1467.4423695652172 765.7894571119956 5204.524 126.062 866.1968164251208 621
210 4.2 5351.3107619047605 914.5735112780792 6650.603 126.062 907.6620269865066 667
220 5.1 3101.6696862745107 1680.4930687710755 6650.603 126.062 1170.8965077574046 709
230 4.7 3886.524808510638 1006.4898967282418 6650.603 126.062 1300.46155 760
235 2.2 3762.6875454545448 1008.0891053938152 6650.603 126.062 1451.0748996282528 807
