0 1351.1453125 1351.1453125
10 1184.390625 2535.5359375
20 1916.01875 4451.5546875
30 1588.13359375 6039.68828125
40 3203.97265625 9243.6609375
50 1196.1 10439.7609375
60 2706.7953125 13146.55625
70 5042.684375 18189.240625
80 2768.69765625 20957.93828125
90 4184.09765625 25142.0359375
100 3067.34375 28209.3796875
110 3618.64375 31828.0234375
120 5269.71953125 37097.74296875
130 6206.3703125 43304.11328125
140 6069.18671875 49373.3
150 7458.78984375 56832.08984375
160 6011.784375 62843.87421875
170 7023.77265625 69867.646875
180 10721.38203125 80589.02890625
190 11687.153125 92276.18203125
200 10121.490625 102397.67265625
210 11895.58671875 114293.259375
220 11647.2828125 125940.5421875
230 12080.91015625 138021.45234375
235 2175.1640625 140196.61640625
