0 28.915625 28.915625
10 24.09609375 53.01171875
20 36.99765625 90.009375
30 28.7546875 118.7640625
40 54.565625 173.3296875
50 19.1640625 192.49375
60 41.6515625 234.1453125
70 72.12890625 306.27421875
80 37.09296875 343.3671875
90 52.81640625 396.18359375
100 36.91015625 433.09375
110 41.6828125 474.7765625
120 57.7859375 532.5625
130 64.1015625 596.6640625
140 59.38671875 656.05078125
150 68.85546875 724.90625
160 51.93203125 776.83828125
170 56.05703125 832.8953125
180 82.7390625 915.634375
190 91.7109375 1007.3453125
200 70.8953125 1078.240625
210 78.36640625 1156.60703125
220 78.07109375 1234.678125
230 74.465625 1309.14375
235 20.51796875 1329.66171875
