0 2 1.7519500000000001 2.7770618911900398 12.916 0.765 0 0
10 2.6 1.0284615384615388 0.6235679736415903 12.916 0.67 1.7519500000000001 20
20 1.8 1.1430555555555555 0.6338606990518257 12.916 0.67 1.343021739130435 46
30 1.6 1.1808124999999998 0.7722715049409435 12.916 0.67 1.2867812500000002 64
40 1.6 0.9429375 0.054292574020302256 12.916 0.67 1.2655875 80
50 2.4 0.9443333333333331 0.12424527712910817 12.916 0.67 1.2118125000000002 96
60 2 1.3096500000000002 1.373634568398743 12.916 0.67 1.1583166666666669 120
70 2.2 0.9148636363636363 0.07697006233509082 12.916 0.67 1.1799357142857145 140
80 3.3 0.9078787878787877 0.06790267436861051 12.916 0.67 1.1439382716049384 162
90 2.2 0.9142727272727273 0.09351916761147844 12.916 0.67 1.1039897435897437 195
100 2.5 1.0336800000000002 0.3945624128068967 12.916 0.67 1.0847557603686637 217
110 3.1 0.9009032258064519 0.1249958334373228 12.916 0.67 1.0794793388429753 242
120 3.4 1.7734117647058818 3.715799883151176 21.928 0.67 1.0592014652014654 273
130 3.4 0.9495882352941177 0.21604099796744172 21.928 0.67 1.138299674267101 307
140 3.7 0.9062972972972976 0.16335583194527595 21.928 0.617 1.119483870967742 341
150 2.9 0.8610689655172412 0.07201768510508623 21.928 0.617 1.098616402116402 378
160 4.1 0.9985365853658541 0.7435249630057694 21.928 0.617 1.0816904176904176 407
170 4.7 0.9381702127659575 0.2961209729183031 21.928 0.617 1.0740803571428572 448
180 4.4 1.4063863636363636 3.054988485441097 21.928 0.617 1.0611757575757577 495
190 5.7 0.9021052631578946 0.10177110268008412 21.928 0.617 1.089356215213358 539
200 5.2 0.9061346153846154 0.35663421407364865 21.928 0.617 1.071447986577181 596
210 4.3 0.8528837209302326 0.1018709190770189 21.928 0.617 1.058182098765432 648
220 4.8 0.9120208333333334 0.1509310672657297 21.928 0.617 1.0454066570188132 691
230 5.7 0.9566315789473684 0.30282579275411137 21.928 0.617 1.036742895805142 739
236 0.4 1.371 0.8736028846106221 21.928 0.617 1.031006281407035 796
