0 0.1 0.3368154749889773 0 0.3368154749889773 0.3368154749889773 0 0
10 0.1 0.750375187593797 0.0 0.750375187593797 0.3368154749889773 0.3368154749889773 1
20 0.1 0.501002004008016 0.0 0.750375187593797 0.3368154749889773 0.5435953312913872 2
30 0.1 0.2506265664160401 0.0 0.750375187593797 0.2506265664160401 0.5293975555302635 3
40 0.1 0.35035035035035034 0.0 0.750375187593797 0.2506265664160401 0.4597048082517076 4
50 0.1 0.250501002004008 0.0 0.750375187593797 0.250501002004008 0.4378339166714362 5
60 0.1 0.501002004008016 0.0 0.750375187593797 0.250501002004008 0.4066117642268648 6
70 0.1 0.5502751375687844 0.0 0.750375187593797 0.250501002004008 0.4200960841956007 7
80 0.1 0.551654964894684 0.0 0.750375187593797 0.250501002004008 0.43636846586724864 8
90 0.1 0.7014028056112225 0.0 0.750375187593797 0.250501002004008 0.44917807687029704 9
100 0.1 0.4008016032064128 0.0 0.750375187593797 0.250501002004008 0.47440054974438955 10
110 0.1 0.4513540621865597 0.0 0.750375187593797 0.250501002004008 0.46770973642275526 11
120 0.1 1.2030075187969926 0.0 1.2030075187969926 0.250501002004008 0.466346763569739 12
130 0.1 1.25250501002004 0.0 1.25250501002004 0.250501002004008 0.5230129755102969 13
140 0.1 0.9009009009009009 0.0 1.25250501002004 0.250501002004008 0.57511954940385 14
150 0.1 1.3052208835341366 0.0 1.3052208835341366 0.250501002004008 0.59683830617032 15
160 0.1 1.0542168674698795 0.0 1.3052208835341366 0.250501002004008 0.6411122172555586 16
170 0.1 1.2581781580271767 0.0 1.3052208835341366 0.250501002004008 0.6654124907975775 17
180 0.1 1.6024036054081119 0.0 1.6024036054081119 0.250501002004008 0.6983439167547774 18
190 0.1 1.356102461074837 0.0 1.6024036054081119 0.250501002004008 0.7459260056312687 19
200 0.1 1.809954751131222 0.0 1.809954751131222 0.250501002004008 0.776434828403447 20
210 0.1 1.8583626318432949 0.0 1.8583626318432949 0.250501002004008 0.8256500628190554 21
220 0.1 2.2590361445783134 0.0 2.2590361445783134 0.250501002004008 0.8725915432292481 22
230 0.1 1.9607843137254901 0.0 2.2590361445783134 0.250501002004008 0.9328717432879031 23
236 0.1 1.4587525150905434 0.0 2.2590361445783134 0.250501002004008 0.9757014337228026 24
