0 0.1 7345.12890625 0 7345.12890625 7345.12890625 0 0
10 0.1 7344.59765625 0.0 7345.12890625 7344.59765625 7345.12890625 1
20 0.1 7344.03125 0.0 7345.12890625 7344.03125 7344.86328125 2
30 0.1 7344.4375 0.0 7345.12890625 7344.03125 7344.5859375 3
40 0.1 7343.63671875 0.0 7345.12890625 7343.63671875 7344.548828125 4
50 0.1 7343.4296875 0.0 7345.12890625 7343.4296875 7344.36640625 5
60 0.1 7341.234375 0.0 7345.12890625 7341.234375 7344.210286458333 6
70 0.1 7342.07421875 0.0 7345.12890625 7341.234375 7343.78515625 7
80 0.1 7341.37109375 0.0 7345.12890625 7341.234375 7343.5712890625 8
90 0.1 7341.01953125 0.0 7345.12890625 7341.01953125 7343.326822916667 9
100 0.1 7341.6171875 0.0 7345.12890625 7341.01953125 7343.09609375 10
110 0.1 7341.01953125 0.0 7345.12890625 7341.01953125 7342.961647727273 11
120 0.1 7338.36328125 0.0 7345.12890625 7338.36328125 7342.7998046875 12
130 0.1 7337.984375 0.0 7345.12890625 7337.984375 7342.458533653846 13
140 0.1 7337.72265625 0.0 7345.12890625 7337.72265625 7342.138950892857 14
150 0.1 7336.640625 0.0 7345.12890625 7336.640625 7341.84453125 15
160 0.1 7334.9453125 0.0 7345.12890625 7334.9453125 7341.519287109375 16
170 0.1 7335.25390625 0.0 7345.12890625 7334.9453125 7341.132582720588 17
180 0.1 7340.05078125 0.0 7345.12890625 7334.9453125 7340.805989583333 18
190 0.1 7338.58984375 0.0 7345.12890625 7334.9453125 7340.766241776316 19
200 0.1 7333.3984375 0.0 7345.12890625 7333.3984375 7340.657421875 20
210 0.1 7328.67578125 0.0 7345.12890625 7328.67578125 7340.311755952381 21
220 0.1 7332.171875 0.0 7345.12890625 7328.67578125 7339.782848011364 22
230 0.1 7328.30859375 0.0 7345.12890625 7328.30859375 7339.451936141304 23
236 0.1 7320.54296875 0.0 7345.12890625 7320.54296875 7338.987630208333 24
