0 3.9 102.30592307692307 87.62617023861301 400.713 24.107 0 0
10 4.7 95.08370212765958 67.44003818488953 400.713 23.755 102.30592307692307 39
20 4.2 93.12519047619048 71.90618219306853 400.713 23.705 98.35889534883721 86
30 3.2 91.91637500000002 64.05179104284966 400.713 23.705 96.6415859375 128
40 2.8 95.88435714285717 69.99806797548787 400.713 23.705 95.69654375 160
50 5.2 117.41773076923076 89.10226588052011 400.713 23.643 95.72451595744683 188
60 3.7 123.18964864864867 101.0333244141449 400.713 23.643 100.42471250000001 240
70 4.5 108.67160000000001 90.30769849905133 400.713 23.643 103.46551624548738 277
80 6.7 133.3564925373135 113.0870292040172 461.356 23.621 104.19307453416151 322
90 4.5 105.29866666666668 81.41428746110844 461.356 23.621 109.21607969151673 389
100 5 128.01673999999997 99.56050803964591 461.356 23.514 108.80989631336408 434
110 6.2 121.67491935483869 90.02667129179326 461.356 23.375 110.79407438016531 484
120 6.8 157.71141176470587 118.22399067861613 461.356 23.337 112.02962820512822 546
130 6.5 163.60947692307698 147.02917520788523 634.179 23.337 117.08884853420197 614
140 6.4 195.69356250000004 180.19324964776314 744.242 23.337 121.54222238586159 679
150 6.7 253.74591044776108 302.96729439881005 1401.733 23.337 127.9294172274563 743
160 8.4 284.69813095238095 246.94660075533295 1401.733 23.337 138.3364604938272 810
170 8.5 468.2617999999999 378.1282179500307 1771.22 23.337 152.0885637583893 894
180 9.9 875.4307575757575 786.8940692944441 2824.097 23.337 179.53976404494387 979
190 8.6 714.3644302325579 585.3413475381126 2824.097 23.337 243.44812059369204 1078
200 10.7 1470.6752803738314 853.6144846165469 3822.305 23.337 278.2409063573883 1164
210 10.9 1105.8136972477062 853.5772515143212 3822.305 23.337 378.62680566483084 1271
220 9.5 1094.6580526315786 948.0880732854146 3822.305 23.337 436.0640311594202 1380
230 6.6 1631.1064999999999 1123.0111048436518 4055.735 23.337 478.4819511864406 1475
236 5.9 2530.495847457628 1814.8772649135985 5613.391 23.337 527.848090201168 1541
