0 7.8 51.06639743589747 59.543290405953265 323.085 11.252 0 0
10 9.4 47.47722340425533 51.91310315102767 323.085 10.767 51.06639743589747 78
20 8.4 46.4939761904762 52.20694974558012 323.085 10.616 49.10487209302328 172
30 6.4 45.888890624999995 47.712161266192524 323.085 10.616 48.24817187500002 256
40 5.6 47.87748214285716 53.4265480539775 323.085 10.616 47.77631562500001 320
50 10.4 58.64387499999999 63.571944269206284 323.085 10.616 47.79138297872342 376
60 7.5 61.035346666666676 72.74501582715587 347.251 10.616 50.14275625000001 480
70 9 55.79935555555554 69.05505094428665 347.251 10.439 51.61472792792794 555
80 13.3 65.89333082706766 77.05728193629302 423.665 10.439 52.198629457364355 645
90 9 52.58831111111112 63.2721437356378 423.665 10.439 54.53975449871466 778
100 10 63.94553000000002 77.57016513859631 423.665 10.439 54.33741589861752 868
110 12.4 60.77070161290323 72.6294995611265 423.665 10.439 55.329989669421494 968
120 13.6 78.78990441176472 89.70433841038725 423.665 10.439 55.94779945054946 1092
130 13.1 81.3440381679389 107.26271347372597 607.82 10.439 58.47754397394138 1228
140 13 109.75579230769233 153.3599789908946 789.316 10.439 60.68174613686536 1359
150 13.1 116.08593129770988 181.57982494003798 1010.816 10.439 64.9662498321021 1489
160 16.8 142.2733214285713 178.46920198612239 1010.816 10.439 69.10000185185186 1620
170 17.3 239.02983236994223 273.5297051078196 1305.414 10.439 75.97534731543624 1788
180 19.5 436.3503076923082 485.22020094363586 1994.526 10.439 90.36006221315655 1961
190 17.7 379.8648474576269 399.1737673959955 1994.526 10.439 121.65324304267166 2156
200 21.2 726.2690754716983 524.7356495920823 2545.736 10.439 141.2432361765967 2333
210 21.5 549.1907860465121 589.9854395485008 2622.243 10.439 189.97623339882128 2545
220 19 547.2475894736843 568.8295727123509 2622.243 10.439 217.95852644927547 2760
230 14.3 921.0633566433569 728.118758669287 3038.984 10.439 239.1669745762713 2950
236 10.7 1170.2820934579438 1166.5180230763815 4129.795 10.439 270.6933834464922 3093
