0 2 203.12150000000003 90.73962291000551 485.345 129.679 0 0
10 2.6 204.5801923076923 44.04839941737099 485.345 129.679 203.12150000000003 20
20 1.9 174.08468421052632 38.352230001797864 485.345 129.679 203.94597826086957 46
30 1.5 186.66373333333337 39.22420976466222 485.345 129.679 195.2172923076923 65
40 1.7 207.85870588235295 54.61986956256067 485.345 129.679 193.6135 80
50 2.3 232.40304347826088 94.77923668714637 485.345 129.679 196.1100824742268 97
60 2 251.08325 93.05738789471526 485.345 129.679 203.06623333333334 120
70 2.2 215.09190909090904 64.85566971494131 485.345 129.679 209.92580714285714 140
80 3.3 267.43139393939396 128.71188935145256 564.11 129.679 210.62737654320983 162
90 2.2 216.17159090909084 40.98104601981382 564.11 129.679 220.2403641025641 195
100 2.5 258.24088000000006 93.96556092923407 564.11 129.679 219.82786175115208 217
110 3.1 245.54058064516138 66.26400259313385 564.11 129.679 223.7961487603306 242
120 3.4 317.64758823529417 126.45394375659131 620.375 129.679 226.26529670329674 273
130 3.4 323.4194411764706 135.37947132807864 676.549 129.679 236.38581107491856 307
140 3.2 418.1220625 253.51313693893874 1313.813 129.679 245.06365102639296 341
150 3.2 500.01493750000014 342.11029516543874 1453.437 129.679 259.9104852546917 373
160 4.2 571.6459523809526 307.63881864049847 1453.437 129.679 278.8817012345679 405
170 4.2 928.434095238095 405.2587010719972 2029.813 129.679 306.38975167785236 447
180 5 1753.71034 1220.2165636947009 4511.781 129.679 359.81687321063396 489
190 4.2 1409.1921904761907 915.5438758091448 4511.781 129.679 489.12053432282005 539
200 5.3 2961.3277735849065 1451.8800480734233 5629.308 129.679 555.6317383820998 581
210 5.6 2206.105339285714 1076.2528211029105 5629.308 129.679 756.7388201892745 634
220 4.8 2169.5225000000023 1424.888161521575 5629.308 129.679 874.3685666666667 690
230 2.8 2869.350857142857 1861.575608482056 6228.473 129.679 958.6062208672088 738
236 3.4 5197.567617647059 1286.0840204958938 8460.703 129.679 1028.4506723237598 766
