0 1504.3578125 1504.3578125
10 1848.828125 3353.1859375
20 1795.28046875 5148.46640625
30 1437.71484375 6586.18125
40 1307.13046875 7893.31171875
50 2546.22421875 10439.5359375
60 1960.1953125 12399.73125
70 2477.215625 14876.946875
80 3793.89921875 18670.84609375
90 2667.42734375 21338.2734375
100 3165.5515625 24503.825
110 4129.40859375 28633.23359375
120 4784.34140625 33417.575
130 4902.3546875 38319.9296875
140 5439.43203125 43759.36171875
150 4956.06875 48715.43046875
160 7236.60078125 55952.03125
170 8176.7234375 64128.7546875
180 9055.84375 73184.5984375
190 9928.89296875 83113.49140625
200 11179.1265625 94292.61796875
210 11383.51171875 105676.1296875
220 11450.86953125 117126.99921875
230 11352.36015625 128479.359375
236 4181.0671875 132660.4265625
