0 31.53359375 31.53359375
10 37.678125 69.21171875
20 33.39765625 102.609375
30 25.696875 128.30625
40 22.671875 150.978125
50 41.5640625 192.5421875
60 30.56640625 223.10859375
70 35.72421875 258.8328125
80 53.584375 312.4171875
90 35.78515625 348.20234375
100 40.06328125 388.265625
110 49.65390625 437.91953125
120 54.4328125 492.35234375
130 53.06171875 545.4140625
140 52.278125 597.6921875
150 51.93203125 649.62421875
160 67.3640625 716.98828125
170 70.01015625 786.9984375
180 77.38984375 864.38828125
190 72.42890625 936.8171875
200 85.18828125 1022.00546875
210 84.54296875 1106.5484375
220 76.44609375 1182.99453125
230 61.17265625 1244.1671875
236 38.68359375 1282.85078125
