0 1.9 1.6643684210526315 2.863640087105301 13.762 0.816 0 0
10 1.3 1.2218461538461542 0.9245414535910675 13.762 0.81 1.6643684210526315 19
20 1.8 0.9559444444444445 0.09063570073052664 13.762 0.81 1.4845937500000002 32
30 1.5 0.9552666666666666 0.10912773351546447 13.762 0.729 1.2942799999999999 50
40 2.5 0.92592 0.04359350410324912 13.762 0.729 1.2160461538461538 65
50 1.5 0.9299999999999999 0.07704890222017008 13.762 0.729 1.1354555555555554 90
60 2.8 1.2241785714285711 1.3478534006118088 13.762 0.729 1.106104761904762 105
70 3 0.9286333333333335 0.09280857838703394 13.762 0.729 1.1309624060150376 133
80 2.8 1.0538928571428572 0.5775987447605644 13.762 0.729 1.0937239263803682 163
90 3 0.9415333333333336 0.08686492707390915 13.762 0.729 1.0878848167539268 191
100 3.5 0.9751999999999997 0.2596565643856735 13.762 0.729 1.0680180995475115 221
110 3.3 1.2199090909090908 1.2938092539763855 13.762 0.729 1.0553281250000002 256
120 2.9 1.1436896551724136 1.0246213801456638 13.762 0.729 1.074121107266436 289
130 4.4 0.9606818181818183 0.30115518294539784 13.762 0.699 1.0804654088050316 318
140 4.3 0.9263023255813956 0.10877981492044629 13.762 0.699 1.0659060773480664 362
150 3.8 0.9860526315789475 0.3018590597725353 13.762 0.699 1.0510839506172842 405
160 3.4 1.0915588235294122 0.5851012074935247 13.762 0.699 1.045505643340858 443
170 4.6 0.9369347826086958 0.18469509564519446 13.762 0.699 1.0487882599580716 477
180 4.5 1.5220222222222222 3.7122793386806254 26.073 0.699 1.0389502868068838 523
190 3.8 0.9871052631578948 0.43114869760441515 26.073 0.699 1.0772218309859158 568
200 6.1 1.0728688524590166 0.8604468811375511 26.073 0.699 1.07157095709571 606
210 4.9 0.9330000000000002 0.10056229666333241 26.073 0.691 1.0716896551724142 667
220 4.7 1.029744680851064 0.5967675861115521 26.073 0.691 1.0621983240223467 716
230 5.8 1.0459482758620688 0.9066218734745732 26.073 0.691 1.0601992136304066 763
238 0.9 0.9495555555555555 0.21570716317942146 26.073 0.691 1.0591924482338615 821
