0 0.1 0.3410696114577472 0 0.3410696114577472 0.3410696114577472 0 0
10 0.1 1.0494752623688157 0.0 1.0494752623688157 0.3410696114577472 0.3410696114577472 1
20 0.1 0.4 0.0 1.0494752623688157 0.3410696114577472 0.6952724369132814 2
30 0.1 0.5499999999999999 0.0 1.0494752623688157 0.3410696114577472 0.596848291275521 3
40 0.1 0.5491762356465303 0.0 1.0494752623688157 0.3410696114577472 0.5851362184566407 4
50 0.1 0.8487269096355468 0.0 1.0494752623688157 0.3410696114577472 0.5779442218946186 5
60 0.1 0.7488766849725411 0.0 1.0494752623688157 0.3410696114577472 0.62307466985144 6
70 0.1 0.8487269096355468 0.0 1.0494752623688157 0.3410696114577472 0.6410463862973116 7
80 0.1 0.999000999000999 0.0 1.0494752623688157 0.3410696114577472 0.6670064517145909 8
90 0.1 1.0972568578553616 0.0 1.0972568578553616 0.3410696114577472 0.7038947347464141 9
100 0.1 0.9485771342985523 0.0 1.0972568578553616 0.3410696114577472 0.7432309470573089 10
110 0.1 1.150575287643822 0.0 1.150575287643822 0.3410696114577472 0.7618987822610582 11
120 0.1 1.4485514485514486 0.0 1.4485514485514486 0.3410696114577472 0.7942884910429552 12
130 0.1 1.1970074812967582 0.0 1.4485514485514486 0.3410696114577472 0.8446164108513009 13
140 0.1 1.4485514485514486 0.0 1.4485514485514486 0.3410696114577472 0.869787201597405 14
150 0.1 1.5968063872255487 0.0 1.5968063872255487 0.3410696114577472 0.9083714847276745 15
160 0.1 1.3026052104208417 0.0 1.5968063872255487 0.3410696114577472 0.9513986661337916 16
170 0.1 0.95 0.0 1.5968063872255487 0.3410696114577472 0.9720578746212652 17
180 0.1 1.945137157107232 0.0 1.945137157107232 0.3410696114577472 0.970832437142306 18
190 0.1 1.7473789316025963 0.0 1.945137157107232 0.3410696114577472 1.0221116329299338 19
200 0.1 1.4985014985014986 0.0 1.945137157107232 0.3410696114577472 1.058374997863567 20
210 0.1 1.5 0.0 1.945137157107232 0.3410696114577472 1.0793334026558494 21
220 0.1 1.7000000000000002 0.0 1.945137157107232 0.3410696114577472 1.098454611626038 22
230 0.1 1.2543903662819869 0.0 1.945137157107232 0.3410696114577472 1.124608758946645 23
238 0.1 1.55 0.0 1.945137157107232 0.3410696114577472 1.1300163259189508 24
