0 0.1 7345.2421875 0 7345.2421875 7345.2421875 0 0
10 0.1 7343.421875 0.0 7345.2421875 7343.421875 7345.2421875 1
20 0.1 7342.359375 0.0 7345.2421875 7342.359375 7344.33203125 2
30 0.1 7342.73828125 0.0 7345.2421875 7342.359375 7343.674479166667 3
40 0.1 7341.77734375 0.0 7345.2421875 7341.77734375 7343.4404296875 4
50 0.1 7341.55859375 0.0 7345.2421875 7341.55859375 7343.1078125 5
60 0.1 7341.65625 0.0 7345.2421875 7341.55859375 7342.849609375 6
70 0.1 7341.74609375 0.0 7345.2421875 7341.55859375 7342.679129464285 7
80 0.1 7340.9375 0.0 7345.2421875 7340.9375 7342.5625 8
90 0.1 7341.17578125 0.0 7345.2421875 7340.9375 7342.381944444444 9
100 0.1 7341.17578125 0.0 7345.2421875 7340.9375 7342.261328125 10
110 0.1 7340.44921875 0.0 7345.2421875 7340.44921875 7342.162642045455 11
120 0.1 7341.515625 0.0 7345.2421875 7340.44921875 7342.019856770833 12
130 0.1 7342.24609375 0.0 7345.2421875 7340.44921875 7341.981069711538 13
140 0.1 7342.51171875 0.0 7345.2421875 7340.44921875 7342.0 14
150 0.1 7341.640625 0.0 7345.2421875 7340.44921875 7342.034114583334 15
160 0.1 7341.05078125 0.0 7345.2421875 7340.44921875 7342.009521484375 16
170 0.1 7341.15234375 0.0 7345.2421875 7340.44921875 7341.953125 17
180 0.1 7339.97265625 0.0 7345.2421875 7339.97265625 7341.908637152777 18
190 0.1 7338.27734375 0.0 7345.2421875 7338.27734375 7341.8067434210525 19
200 0.1 7337.54296875 0.0 7345.2421875 7337.54296875 7341.6302734375 20
210 0.1 7331.1171875 0.0 7345.2421875 7331.1171875 7341.435639880952 21
220 0.1 7320.8515625 0.0 7345.2421875 7320.8515625 7340.966619318182 22
230 0.1 7325.2421875 0.0 7345.2421875 7320.8515625 7340.092051630435 23
238 0.1 7318.953125 0.0 7345.2421875 7318.953125 7339.473307291667 24
