0 0.1 0.08984375 0 0.08984375 0.08984375 0 0
10 0.1 0.0703125 0.0 0.08984375 0.0703125 0.08984375 1
20 0.1 0.05859375 0.0 0.08984375 0.05859375 0.080078125 2
30 0.1 0.05078125 0.0 0.08984375 0.05078125 0.07291666666666667 3
40 0.1 0.0390625 0.0 0.08984375 0.0390625 0.0673828125 4
50 0.1 0.0390625 0.0 0.08984375 0.0390625 0.06171875 5
60 0.1 0.03125 0.0 0.08984375 0.03125 0.057942708333333336 6
70 0.1 0.01953125 0.0 0.08984375 0.01953125 0.05412946428571429 7
80 0.1 0.01953125 0.0 0.08984375 0.01953125 0.0498046875 8
90 0.1 0.01953125 0.0 0.08984375 0.01953125 0.046440972222222224 9
100 0.1 0.01171875 0.0 0.08984375 0.01171875 0.04375 10
110 0.1 0.01171875 0.0 0.08984375 0.01171875 0.040838068181818184 11
120 0.1 0.01171875 0.0 0.08984375 0.01171875 0.038411458333333336 12
130 0.1 0.01171875 0.0 0.08984375 0.01171875 0.03635817307692308 13
140 0.1 0.01171875 0.0 0.08984375 0.01171875 0.03459821428571429 14
150 0.1 0.0 0.0 0.08984375 0.0 0.03307291666666667 15
160 0.1 0.0 0.0 0.08984375 0.0 0.031005859375 16
170 0.1 0.0 0.0 0.08984375 0.0 0.029181985294117647 17
180 0.1 0.078125 0.0 0.08984375 0.0 0.027560763888888888 18
190 0.1 0.0703125 0.0 0.08984375 0.0 0.03022203947368421 19
200 0.1 0.05859375 0.0 0.08984375 0.0 0.0322265625 20
210 0.1 0.05078125 0.0 0.08984375 0.0 0.033482142857142856 21
220 0.1 0.0390625 0.0 0.08984375 0.0 0.03426846590909091 22
230 0.1 0.03125 0.0 0.08984375 0.0 0.03447690217391304 23
238 0.1 0.03125 0.0 0.08984375 0.0 0.034342447916666664 24
