0 3.8 110.60018421052627 103.37959572215684 489.211 25.418 0 0
10 2.4 79.51070833333331 48.597593451630196 489.211 25.418 110.60018421052627 38
20 3.8 75.0556315789474 46.66335949082029 489.211 23.788 98.56554838709674 62
30 3 93.79753333333333 65.26821229497727 489.211 23.788 89.63177999999998 100
40 4.8 85.30091666666665 55.45518976045485 489.211 23.496 90.59310769230767 130
50 3.2 91.84437500000001 64.0969557241947 489.211 23.496 89.16599999999998 178
60 5.6 96.22553571428573 67.14214983684249 489.211 22.779 89.57413333333334 210
70 6 107.13841666666666 82.08766051063778 489.211 22.779 90.97442857142858 266
80 5.6 96.82842857142862 70.51078099174853 489.211 22.779 93.94939570552147 326
90 6 135.59526666666673 125.08626412305321 518.243 22.779 94.37145287958114 382
100 6.8 132.95738235294112 105.65375182629083 518.243 22.779 99.96744570135748 442
110 6.6 158.68324242424245 141.5322699975822 537.633 22.779 104.36610392156864 510
120 6 138.74658333333335 113.95277822725396 537.633 22.779 110.58994270833334 576
130 8.8 193.51588636363633 171.1941070600876 656.881 22.779 113.24622955974843 636
140 8.6 177.86001162790694 164.70508390682932 660.184 22.779 123.00276243093923 724
150 7.5 282.9619199999999 262.36992908882223 967.205 22.779 128.827112345679 810
160 6.5 160.56478461538458 136.43071678807325 967.205 22.779 141.88938418079093 885
170 8 477.01781250000005 478.00339640971936 1554.328 22.779 143.16717473684207 950
180 10.6 484.81837735849064 381.63835690429795 1601.067 22.779 169.0973213592233 1030
190 7.2 248.3864027777778 244.8435456123325 1601.067 22.779 198.55720862676057 1136
200 8.4 829.4144285714283 564.6718571543352 2195.154 22.779 201.52716059602648 1208
210 8.7 3540.6588390804586 553.883058154347 4625.595 22.779 242.34955263157892 1292
220 11.2 1980.9630446428575 1034.4757416001178 4625.595 22.779 450.43723060188535 1379
230 7.5 2839.820906666667 676.5369220476128 4625.595 22.779 565.40630583501 1491
238 9.4 4109.179723404256 2256.3624000598816 7178.589 22.779 674.3342081736909 1566
