0 7.6 55.20632894736846 66.60332793494794 329.346 11.243 0 0
10 4.8 39.68541666666666 37.96783377952609 329.346 11.243 55.20632894736846 76
20 7.6 37.45921052631581 35.89785457279255 329.346 10.965 49.19823387096776 124
30 6 46.83196666666665 50.66139920359045 329.346 10.965 44.73740500000002 200
40 9.6 42.58346875 42.22887946801362 329.346 10.742 45.2207653846154 260
50 6.4 45.85871875 49.82840991889965 329.346 10.742 44.50958426966293 356
60 11.2 48.047919642857146 51.30380666991388 329.346 10.482 44.715166666666676 420
70 12 53.511525000000006 61.552801000707575 329.346 10.482 45.41679887218045 532
80 11.2 48.34842857142856 55.79204725277263 329.346 10.482 46.90662576687117 652
90 12 67.73437500000004 89.46788161458304 482.132 10.482 47.117989528795825 764
100 13.6 66.41316911764707 83.96350099820641 482.132 10.482 49.916593891402734 884
110 13.2 79.26586363636358 106.21622898545445 482.132 10.482 52.11613725490198 1020
120 12 69.3072333333333 88.99686680353167 482.132 10.482 55.22704340277779 1152
130 17.6 96.6939715909091 129.19042085392385 618.365 10.482 56.555363207547174 1272
140 17.2 88.86367441860465 123.65315378640464 618.365 10.482 61.4340890883978 1448
150 15 141.41917333333342 179.62339297510766 733.78 10.482 64.34636604938272 1620
160 13 80.2182846153846 105.60780639074531 733.78 10.482 70.87795988700567 1770
170 16.4 245.02153658536594 280.54863256947505 1211.997 10.482 71.51703473684212 1900
180 20.8 237.23238942307705 257.1731175500107 1211.997 10.392 85.30324515503878 2064
190 14.4 124.13295138888894 177.8011459252665 1211.997 10.392 99.21225132042257 2272
200 17.5 442.893325714286 369.99212720799824 1367.498 10.392 100.69759105960269 2416
210 18.2 1841.8768626373635 378.54023773555133 2704.36 10.392 123.8100007719028 2591
220 21.6 905.4599074074076 520.2355104039159 2704.36 10.392 236.57169166967196 2773
230 15.9 1515.8394402515723 515.3722419047293 3115.497 10.392 284.9088795583809 2989
238 17.2 2031.623622093022 1371.3364126258073 4140.568 10.392 347.0810393900891 3148
