0 1.9 223.5801052631579 119.03309831917596 539.89 135.525 0 0
10 1.3 159.7900769230769 20.254082006281084 539.89 135.525 223.5801052631579 19
20 1.8 152.8148333333333 17.612098547589383 539.89 133.187 197.66540625 32
30 1.6 188.42375000000004 33.77635900948325 539.89 133.187 181.51919999999998 50
40 2.4 172.06866666666667 27.87267671583688 539.89 133.187 183.1930303030303 66
50 1.6 187.68156249999998 31.375583060257128 539.89 133.187 180.22653333333332 90
60 2.8 194.55225000000002 31.52670922705857 539.89 133.187 181.35182075471695 106
70 3 216.26899999999998 58.52883029926361 539.89 133.187 184.11011940298505 134
80 2.8 196.36089285714283 34.08712431228803 539.89 133.187 189.9928414634146 164
90 2.9 276.43258620689653 124.61813549330923 559.722 133.187 190.92151562499998 192
100 3.5 267.69897142857144 56.199655807022125 559.722 133.187 202.1424253393665 221
110 3.3 318.06554545454543 127.73920559153727 606.489 133.187 211.10523437499998 256
120 2.9 282.32506896551735 69.3539224179416 606.489 133.187 223.31869550173008 289
130 4.4 389.2406363636364 126.03229623017107 694.866 133.187 228.69977987421385 318
140 4.3 357.92858139534883 152.63436111409678 772.051 133.187 248.21303314917128 362
150 3.8 561.6373684210524 312.46061516979273 1262.739 133.187 259.86184444444444 405
160 3.3 328.97463636363636 83.32908685622334 1262.739 133.187 285.7477810383747 443
170 3.6 809.3405277777774 712.4137749719645 2370.858 133.187 288.74460084033615 476
180 5.6 1075.6531964285716 556.623747177969 2370.858 133.187 325.34900195312497 512
190 3.6 498.95397222222226 271.1488393529861 2370.858 133.187 399.3226549295774 568
200 3.8 1471.2142631578945 642.9157228767147 2789.229 133.187 405.26094536423835 604
210 3.9 6547.842230769231 1281.954328899083 7898.875 133.187 468.35475545171334 642
220 6.3 4487.1804603174605 1985.8110839852068 7898.875 133.187 816.5192364170338 681
230 3.3 5395.744303030304 472.8990259883138 7898.875 133.187 1127.3413561827958 744
238 5.3 8062.371735849054 1730.9039326037293 10403.186 133.187 1308.6248790218792 777
