0 1428.53125 1428.53125
10 946.353125 2374.884375
20 1567.49140625 3942.37578125
30 1296.4921875 5238.86796875
40 2183.459375 7422.32734375
50 1531.1515625 8953.47890625
60 2823.02578125 11776.5046875
70 3226.63046875 15003.13515625
80 3203.34375 18206.47890625
90 3632.3890625 21838.86796875
100 4371.60390625 26210.471875
110 4500.42890625 30710.90078125
120 4314.746875 35025.64765625
130 6701.440625 41727.08828125
140 6989.909375 48716.99765625
150 6530.18125 55247.17890625
160 5771.6609375 61018.83984375
170 8283.884375 69302.72421875
180 9791.55234375 79094.2765625
190 7557.028125 86651.3046875
200 10899.75078125 97551.05546875
210 11797.2828125 109348.33828125
220 11625.70078125 120974.0390625
230 12006.4234375 132980.4625
238 7378.4015625 140358.8640625
