0 30.47265625 30.47265625
10 19.3203125 49.79296875
20 30.34765625 80.140625
30 24.07109375 104.21171875
40 38.5921875 142.80390625
50 25.6546875 168.45859375
60 44.975 213.43359375
70 48.1078125 261.54140625
80 44.9359375 306.47734375
90 48.1265625 354.60390625
100 54.5765625 409.18046875
110 52.93828125 462.11875
120 47.978125 510.096875
130 70.4953125 580.5921875
140 68.91328125 649.50546875
150 60.51171875 710.0171875
160 51.92890625 761.94609375
170 68.03359375 829.9796875
180 80.884375 910.8640625
190 57.803125 968.6671875
200 73.90859375 1042.57578125
210 75.98984375 1118.565625
220 81.634375 1200.2
230 67.8078125 1268.0078125
238 62.96640625 1330.97421875
